debate_role,confidence_mean,confidence_median,confidence_std,confidence_min,confidence_max,confidence_count,confidence_delta_within_role_mean,confidence_delta_within_role_median,confidence_delta_within_role_std,confidence_delta_within_role_min,confidence_delta_within_role_max,confidence_delta_within_role_count,word_count_mean,word_count_median,word_count_std,word_count_min,word_count_max,word_count_count,avg_sentence_length_mean,avg_sentence_length_median,avg_sentence_length_std,avg_sentence_length_min,avg_sentence_length_max,avg_sentence_length_count,lemma_type_token_ratio_mean,lemma_type_token_ratio_median,lemma_type_token_ratio_std,lemma_type_token_ratio_min,lemma_type_token_ratio_max,lemma_type_token_ratio_count,vader_compound_mean,vader_compound_median,vader_compound_std,vader_compound_min,vader_compound_max,vader_compound_count,evidence_density_per_1k_words_mean,evidence_density_per_1k_words_median,evidence_density_per_1k_words_std,evidence_density_per_1k_words_min,evidence_density_per_1k_words_max,evidence_density_per_1k_words_count,rebuttal_density_per_1k_words_mean,rebuttal_density_per_1k_words_median,rebuttal_density_per_1k_words_std,rebuttal_density_per_1k_words_min,rebuttal_density_per_1k_words_max,rebuttal_density_per_1k_words_count,hedge_density_per_1k_words_mean,hedge_density_per_1k_words_median,hedge_density_per_1k_words_std,hedge_density_per_1k_words_min,hedge_density_per_1k_words_max,hedge_density_per_1k_words_count,assertive_density_per_1k_words_mean,assertive_density_per_1k_words_median,assertive_density_per_1k_words_std,assertive_density_per_1k_words_min,assertive_density_per_1k_words_max,assertive_density_per_1k_words_count,strong_modal_density_per_1k_words_mean,strong_modal_density_per_1k_words_median,strong_modal_density_per_1k_words_std,strong_modal_density_per_1k_words_min,strong_modal_density_per_1k_words_max,strong_modal_density_per_1k_words_count,weak_modal_density_per_1k_words_mean,weak_modal_density_per_1k_words_median,weak_modal_density_per_1k_words_std,weak_modal_density_per_1k_words_min,weak_modal_density_per_1k_words_max,weak_modal_density_per_1k_words_count,moral_density_per_1k_words_mean,moral_density_per_1k_words_median,moral_density_per_1k_words_std,moral_density_per_1k_words_min,moral_density_per_1k_words_max,moral_density_per_1k_words_count,stance_proxy_score_mean,stance_proxy_score_median,stance_proxy_score_std,stance_proxy_score_min,stance_proxy_score_max,stance_proxy_score_count,assertiveness_balance_mean,assertiveness_balance_median,assertiveness_balance_std,assertiveness_balance_min,assertiveness_balance_max,assertiveness_balance_count,modality_balance_mean,modality_balance_median,modality_balance_std,modality_balance_min,modality_balance_max,modality_balance_count,lexical_overlap_prev_other_turn_mean,lexical_overlap_prev_other_turn_median,lexical_overlap_prev_other_turn_std,lexical_overlap_prev_other_turn_min,lexical_overlap_prev_other_turn_max,lexical_overlap_prev_other_turn_count,semantic_similarity_prev_other_turn_mean,semantic_similarity_prev_other_turn_median,semantic_similarity_prev_other_turn_std,semantic_similarity_prev_other_turn_min,semantic_similarity_prev_other_turn_max,semantic_similarity_prev_other_turn_count,lexical_overlap_prev_opponent_turn_mean,lexical_overlap_prev_opponent_turn_median,lexical_overlap_prev_opponent_turn_std,lexical_overlap_prev_opponent_turn_min,lexical_overlap_prev_opponent_turn_max,lexical_overlap_prev_opponent_turn_count,semantic_similarity_prev_opponent_turn_mean,semantic_similarity_prev_opponent_turn_median,semantic_similarity_prev_opponent_turn_std,semantic_similarity_prev_opponent_turn_min,semantic_similarity_prev_opponent_turn_max,semantic_similarity_prev_opponent_turn_count,novelty_vs_prev_turn_lexical_mean,novelty_vs_prev_turn_lexical_median,novelty_vs_prev_turn_lexical_std,novelty_vs_prev_turn_lexical_min,novelty_vs_prev_turn_lexical_max,novelty_vs_prev_turn_lexical_count,novelty_vs_prev_turn_semantic_mean,novelty_vs_prev_turn_semantic_median,novelty_vs_prev_turn_semantic_std,novelty_vs_prev_turn_semantic_min,novelty_vs_prev_turn_semantic_max,novelty_vs_prev_turn_semantic_count,novelty_vs_prev_opponent_turn_lexical_mean,novelty_vs_prev_opponent_turn_lexical_median,novelty_vs_prev_opponent_turn_lexical_std,novelty_vs_prev_opponent_turn_lexical_min,novelty_vs_prev_opponent_turn_lexical_max,novelty_vs_prev_opponent_turn_lexical_count,novelty_vs_prev_opponent_turn_semantic_mean,novelty_vs_prev_opponent_turn_semantic_median,novelty_vs_prev_opponent_turn_semantic_std,novelty_vs_prev_opponent_turn_semantic_min,novelty_vs_prev_opponent_turn_semantic_max,novelty_vs_prev_opponent_turn_semantic_count,has_evidence_rate,has_rebuttal_rate,has_question_rate,total_words,utterance_count
moderator,,,,,,0,,,,,,0,151.6,157.0,26.69831455354439,121,181,5,36.584761904761905,40.333333333333336,7.586446920050802,25.857142857142858,43.0,5,0.7624413550791406,0.7473684210526316,0.057822065642722784,0.6979166666666666,0.8518518518518519,5,-0.8467800000000001,-0.9344,0.1796076334680684,-0.9595,-0.5362,5,82.60861670475941,75.5813953488372,25.826122959577553,49.72375690607735,110.23622047244095,5,1.2738853503184715,0.0,2.8484942388532355,0.0,6.369426751592357,5,0.0,0.0,0.0,0.0,0.0,5,0.0,0.0,0.0,0.0,0.0,5,0.0,0.0,0.0,0.0,0.0,5,0.0,0.0,0.0,0.0,0.0,5,1.0828047010046253,1.1284703715009552,0.22448384206193056,0.8545525516954237,1.387793730234356,5,-1.6,-2.0,1.8165902124584947,-4.0,1.0,5,0.0,0.0,0.0,0.0,0.0,5,0.0,0.0,0.0,0.0,0.0,5,0.1322435991637001,0.12987012987012986,0.03583937901557961,0.0975609756097561,0.1891891891891892,5,0.638566741753834,0.6470627812030625,0.12384092165213767,0.48588094076963534,0.8228917360842082,5,0.0,0.0,0.0,0.0,0.0,5,,,,,,0,0.8677564008362999,0.8701298701298701,0.03583937901557965,0.8108108108108107,0.9024390243902439,5,0.361433258246166,0.3529372187969375,0.12384092165213767,0.17710826391579182,0.5141190592303646,5,1.0,1.0,0.0,1.0,1.0,5,,,,,,0,1.0,0.2,1.0,758,5
opponent,60.2,54.0,16.769019053003667,50.0,90.0,5,10.0,2.0,16.673332000533065,1.0,35.0,4,34.0,36.0,4.183300132670379,29,38,5,26.5,29.0,7.566372975210778,18.5,36.0,5,0.9803827751196172,1.0,0.026981573549993657,0.9473684210526315,1.0,5,-0.18966,-0.0516,0.5552612610294364,-0.8126,0.4724,5,29.787337246502403,27.77777777777778,3.81871561634389,26.31578947368421,34.48275862068966,5,0.0,0.0,0.0,0.0,0.0,5,0.0,0.0,0.0,0.0,0.0,5,0.0,0.0,0.0,0.0,0.0,5,0.0,0.0,0.0,0.0,0.0,5,0.0,0.0,0.0,0.0,0.0,5,5.137247450996236,5.285633607842174,0.6822195692543422,4.285178461230407,5.937978039808593,5,0.4,-0.0,0.5477225575051661,-0.0,1.0,5,0.0,0.0,0.0,0.0,0.0,5,0.0,0.0,0.0,0.0,0.0,5,0.09255621669414774,0.10256410256410256,0.05630122320550636,0.02564102564102564,0.1724137931034483,5,0.6946906859349116,0.7615482635051347,0.1103589407857774,0.5327598235631631,0.7770216633650596,5,0.09255621669414774,0.10256410256410256,0.05630122320550636,0.02564102564102564,0.1724137931034483,5,0.6946906859349116,0.7615482635051347,0.1103589407857774,0.5327598235631631,0.7770216633650596,5,0.9074437833058523,0.8974358974358975,0.05630122320550635,0.8275862068965517,0.9743589743589743,5,0.30530931406508843,0.23845173649486529,0.1103589407857774,0.22297833663494038,0.4672401764368369,5,0.9074437833058523,0.8974358974358975,0.05630122320550635,0.8275862068965517,0.9743589743589743,5,0.30530931406508843,0.23845173649486529,0.1103589407857774,0.22297833663494038,0.4672401764368369,5,1.0,0.0,0.0,170,5
proponent,46.0,46.0,2.7386127875258297,43.0,50.0,5,-1.75,-1.5,0.9574271077563381,-3.0,-1.0,4,31.6,34.0,5.639148871948674,23,37,5,31.6,34.0,5.639148871948674,23.0,37.0,5,0.9727272727272727,1.0,0.040655781409087106,0.9090909090909091,1.0,5,-0.26082,-0.2732,0.4883839340109378,-0.8555,0.3657,5,6.8965517241379315,0.0,15.421158465515793,0.0,34.48275862068966,5,0.0,0.0,0.0,0.0,0.0,5,0.0,0.0,0.0,0.0,0.0,5,0.0,0.0,0.0,0.0,0.0,5,0.0,0.0,0.0,0.0,0.0,5,0.0,0.0,0.0,0.0,0.0,5,5.958511615940438,6.423107827476677,1.5618533528470553,3.828661999460383,7.68474032104332,5,-0.6,-1.0,0.5477225575051661,-1.0,0.0,5,0.0,0.0,0.0,0.0,0.0,5,0.0,0.0,0.0,0.0,0.0,5,0.05873440285204991,0.06818181818181818,0.03445724321528677,0.0,0.08333333333333333,5,0.6061417247191878,0.5934308601805052,0.03766901768925304,0.57662769778121,0.6610774807345309,4,0.015519568151147098,0.0,0.023011326457462795,0.0,0.05128205128205128,5,0.47997294696376425,0.472022127577181,0.13600704705526914,0.3249671810219987,0.6508803516786963,4,0.94126559714795,0.9318181818181819,0.03445724321528676,0.9166666666666666,1.0,5,0.3938582752808122,0.4065691398194948,0.03766901768925306,0.3389225192654691,0.42337230221878996,4,0.9844804318488528,1.0,0.02301132645746281,0.9487179487179487,1.0,5,0.5200270530362358,0.527977872422819,0.13600704705526911,0.3491196483213037,0.6750328189780013,4,0.2,0.0,0.0,158,5
